111100000
111010000
111001000
111000100
111000010
111000001
011110000
011101000
011100100
011100010
011100001
001111000
001110100
001110010
001110001
000111100
000111010
000111001
000011110
000011101
000001111
111110000
111101000
111100100
111100010
111100001
011111000
011110100
011110010
011110001
001111100
001111010
001111001
001111100
001111010
001111001
000111110
000111101
000011111
111111000
111110100
111110010
111110001
011111100
011111010
011111001
001111110
001111101
000111111
111111100
111111010
111111001
011111110
011111101
001111111
111111110
011111111
101111111
110111111
111011111
111101111
111110111
111111011
111111101
111111111
